256  2
   1.073e+02   5.701e+01
   1.093e+02   5.574e+01
   1.011e+02   5.108e+01
   7.852e+01   5.109e+01
   6.420e+01   4.441e+01
   6.182e+01   4.437e+01
   6.441e+01   4.529e+01
   6.995e+01   4.696e+01
   6.970e+01   4.674e+01
   6.439e+01   4.512e+01
   6.084e+01   4.232e+01
   5.968e+01   3.675e+01
   7.119e+01   4.315e+01
   9.935e+01   5.090e+01
   1.108e+02   5.560e+01
   1.088e+02   5.704e+01
   1.081e+02   5.671e+01
   9.404e+01   4.957e+01
   6.662e+01   3.903e+01
   6.330e+01   4.536e+01
   7.331e+01   4.900e+01
   8.823e+01   5.678e+01
   9.009e+01   5.748e+01
   9.704e+01   5.968e+01
   9.718e+01   5.974e+01
   9.022e+01   5.751e+01
   8.881e+01   5.663e+01
   7.393e+01   4.927e+01
   6.381e+01   4.528e+01
   6.620e+01   3.722e+01
   9.540e+01   4.916e+01
   1.094e+02   5.656e+01
   9.597e+01   5.159e+01
   6.252e+01   3.517e+01
   5.829e+01   3.542e+01
   8.391e+01   5.448e+01
   9.369e+01   5.913e+01
   9.611e+01   5.932e+01
   9.531e+01   5.790e+01
   9.762e+01   5.960e+01
   9.781e+01   5.966e+01
   9.604e+01   5.829e+01
   9.653e+01   5.780e+01
   9.377e+01   5.794e+01
   8.525e+01   5.443e+01
   6.400e+01   4.421e+01
   6.449e+01   3.549e+01
   9.719e+01   5.122e+01
   6.690e+01   4.248e+01
   5.320e+01   2.894e+01
   7.883e+01   4.867e+01
   8.524e+01   5.724e+01
   7.993e+01   5.946e+01
   7.470e+01   5.063e+01
   7.250e+01   4.567e+01
   8.599e+01   5.391e+01
   8.773e+01   5.446e+01
   7.195e+01   4.317e+01
   6.639e+01   4.332e+01
   7.243e+01   5.311e+01
   9.048e+01   5.547e+01
   8.628e+01   5.428e+01
   5.740e+01   3.404e+01
   6.775e+01   4.140e+01
   5.370e+01   3.035e+01
   6.741e+01   4.057e+01
   8.963e+01   5.479e+01
   7.562e+01   6.048e+01
   8.289e+01   5.546e+01
   7.886e+01   5.476e+01
   6.916e+01   4.652e+01
   9.024e+01   5.186e+01
   8.090e+01   4.665e+01
   6.019e+01   4.616e+01
   7.722e+01   4.545e+01
   7.374e+01   5.201e+01
   6.828e+01   5.475e+01
   9.729e+01   5.745e+01
   7.381e+01   4.365e+01
   5.473e+01   2.973e+01
   5.689e+01   3.644e+01
   9.105e+01   5.484e+01
   9.371e+01   5.323e+01
   7.382e+01   5.595e+01
   9.498e+01   5.900e+01
   9.719e+01   5.741e+01
   8.638e+01   5.434e+01
   1.044e+02   5.542e+01
   8.116e+01   5.541e+01
   7.654e+01   5.264e+01
   1.009e+02   5.200e+01
   9.622e+01   5.307e+01
   7.039e+01   5.644e+01
   9.660e+01   5.444e+01
   9.698e+01   5.391e+01
   5.832e+01   3.497e+01
   5.703e+01   3.280e+01
   8.753e+01   5.261e+01
   9.250e+01   5.569e+01
   9.257e+01   6.218e+01
   8.506e+01   5.924e+01
   7.581e+01   5.690e+01
   7.070e+01   4.717e+01
   9.623e+01   5.334e+01
   7.340e+01   5.112e+01
   7.202e+01   4.754e+01
   1.004e+02   5.381e+01
   9.878e+01   5.542e+01
   7.028e+01   5.629e+01
   8.703e+01   5.242e+01
   9.163e+01   5.187e+01
   5.801e+01   3.226e+01
   5.813e+01   3.355e+01
   8.443e+01   5.155e+01
   8.668e+01   5.161e+01
   9.131e+01   6.057e+01
   9.639e+01   5.739e+01
   8.530e+01   5.521e+01
   6.506e+01   4.272e+01
   8.077e+01   4.877e+01
   6.678e+01   4.684e+01
   7.070e+01   4.499e+01
   1.079e+02   5.620e+01
   1.026e+02   5.647e+01
   6.942e+01   5.527e+01
   8.009e+01   4.809e+01
   8.565e+01   5.106e+01
   6.062e+01   3.371e+01
   5.748e+01   3.335e+01
   7.948e+01   5.061e+01
   8.537e+01   4.995e+01
   8.866e+01   5.437e+01
   9.960e+01   5.891e+01
   9.706e+01   5.979e+01
   7.034e+01   4.970e+01
   7.986e+01   5.610e+01
   7.518e+01   5.403e+01
   7.220e+01   5.118e+01
   1.102e+02   5.815e+01
   9.952e+01   5.539e+01
   6.204e+01   4.987e+01
   8.269e+01   4.717e+01
   8.500e+01   5.188e+01
   5.891e+01   3.311e+01
   5.609e+01   3.140e+01
   8.253e+01   5.009e+01
   7.704e+01   4.546e+01
   7.387e+01   5.577e+01
   8.938e+01   5.529e+01
   8.778e+01   5.589e+01
   6.922e+01   5.038e+01
   8.703e+01   5.483e+01
   8.451e+01   5.335e+01
   6.740e+01   5.084e+01
   1.004e+02   5.696e+01
   8.276e+01   5.071e+01
   5.669e+01   4.193e+01
   7.851e+01   4.711e+01
   7.936e+01   5.108e+01
   5.522e+01   3.069e+01
   5.245e+01   2.876e+01
   8.247e+01   5.028e+01
   8.870e+01   5.154e+01
   7.592e+01   5.223e+01
   7.204e+01   5.526e+01
   6.767e+01   5.310e+01
   6.619e+01   3.738e+01
   8.959e+01   5.327e+01
   8.609e+01   4.934e+01
   6.528e+01   4.064e+01
   6.664e+01   4.922e+01
   5.288e+01   3.710e+01
   6.287e+01   3.250e+01
   8.102e+01   5.053e+01
   7.735e+01   4.931e+01
   5.281e+01   2.856e+01
   5.415e+01   2.917e+01
   6.446e+01   3.711e+01
   8.518e+01   5.272e+01
   9.000e+01   5.748e+01
   9.300e+01   5.642e+01
   9.246e+01   5.429e+01
   8.214e+01   4.719e+01
   8.803e+01   5.361e+01
   8.826e+01   5.410e+01
   8.135e+01   4.729e+01
   8.089e+01   5.130e+01
   7.835e+01   4.762e+01
   7.949e+01   5.077e+01
   8.023e+01   5.114e+01
   6.472e+01   3.680e+01
   5.479e+01   2.854e+01
   6.830e+01   4.032e+01
   5.423e+01   2.832e+01
   7.964e+01   4.967e+01
   9.025e+01   5.778e+01
   9.474e+01   5.776e+01
   9.822e+01   5.805e+01
   8.544e+01   5.097e+01
   8.828e+01   5.388e+01
   8.884e+01   5.456e+01
   8.568e+01   5.203e+01
   8.937e+01   5.674e+01
   8.481e+01   5.355e+01
   8.032e+01   5.147e+01
   7.569e+01   4.663e+01
   5.499e+01   2.837e+01
   6.885e+01   3.945e+01
   9.860e+01   4.903e+01
   6.429e+01   3.318e+01
   6.096e+01   3.720e+01
   8.527e+01   5.482e+01
   9.455e+01   5.754e+01
   9.859e+01   5.798e+01
   8.589e+01   5.107e+01
   8.858e+01   5.371e+01
   8.917e+01   5.436e+01
   8.587e+01   5.206e+01
   8.956e+01   5.668e+01
   8.490e+01   5.333e+01
   7.576e+01   4.715e+01
   5.611e+01   2.954e+01
   6.464e+01   3.241e+01
   1.002e+02   4.927e+01
   1.111e+02   5.495e+01
   9.729e+01   4.705e+01
   7.029e+01   3.907e+01
   6.510e+01   4.557e+01
   7.884e+01   5.060e+01
   9.450e+01   5.649e+01
   8.473e+01   5.069e+01
   8.813e+01   5.335e+01
   8.885e+01   5.395e+01
   8.450e+01   5.172e+01
   8.573e+01   5.441e+01
   6.930e+01   4.107e+01
   5.521e+01   2.883e+01
   6.499e+01   3.226e+01
   9.904e+01   4.713e+01
   1.146e+02   5.492e+01
   1.102e+02   5.600e+01
   1.131e+02   5.483e+01
   1.060e+02   4.899e+01
   8.018e+01   4.945e+01
   6.520e+01   4.442e+01
   6.190e+01   4.198e+01
   5.701e+01   3.134e+01
   6.229e+01   3.494e+01
   6.249e+01   3.507e+01
   5.701e+01   3.105e+01
   5.399e+01   2.898e+01
   5.625e+01   2.884e+01
   7.138e+01   4.051e+01
   1.023e+02   4.857e+01
   1.153e+02   5.427e+01
   1.135e+02   5.564e+01
