9  10
   1.954e-01  -8.211e-01   8.695e-01  -7.171e-01   1.952e-01  -4.725e-02   9.993e-02   3.822e-01   5.800e-01   7.213e-01
   3.045e-02   8.130e-02   1.757e-01   8.326e-02   3.015e-02  -2.591e-01   2.723e-03  -4.004e-01   1.169e-01   4.040e-01
   1.847e-01   4.470e-02   2.527e-01  -2.962e-01   1.848e-01  -2.945e-01   6.597e-01   2.908e-01   5.436e-01   3.631e-01
  -3.741e-02  -7.971e-02  -6.809e-01   4.293e-01  -3.727e-02  -2.417e-01  -4.927e-01  -8.684e-02  -9.752e-02  -4.023e-01
  -2.496e-02  -9.521e-02  -1.628e-01  -8.371e-02  -2.518e-02   2.552e-01   1.205e-02  -6.002e-01  -9.931e-02  -3.922e-01
  -3.107e-01  -5.749e-02   2.278e-01   1.578e-01  -3.097e-01  -1.751e-01   2.157e-01   5.020e-01   6.282e-02  -2.887e-01
  -4.369e-01   8.435e-02  -1.934e-01   1.066e-01   5.691e-01   1.077e-01   2.231e-02  -1.092e-01  -3.033e-01   1.326e-01
   6.220e-01  -4.673e-02  -4.847e-02   9.866e-02  -3.852e-01   9.687e-02   1.464e-01  -9.378e-02  -1.394e-01   2.392e-01
  -2.225e-01   8.898e-01  -4.401e-01   2.213e-01  -2.218e-01   5.578e-01  -6.661e-01   1.153e-01  -6.638e-01  -7.769e-01
